# Inner iteration convergence data (subplot b)
# omega = 1.0
# Columns: iter, max_delta_V, outer_iter
# 
# Network: sz_20_r005
# n_bus=19, n_pv=1, eta=0.1469, rho=0.3383, rx_ratio=5.82
     1  1.8898171595e-03   1
     2  3.3155598244e-06   1
     3  5.7164396550e-09   1
     4  8.8391739724e-03   2
     5  2.3363762346e-03   2
     6  1.7730888567e-05   2
     7  5.3565397937e-06   2
     8  4.0730379292e-08   2
     9  1.2308842390e-08   2
    10  9.3595131645e-11   2
    11  1.0345682519e-02   3
    12  3.0403158115e-03   3
    13  2.6502474050e-05   3
    14  9.0485172215e-06   3
    15  7.9071229120e-08   3
    16  2.7009892101e-08   3
    17  2.3602986232e-10   3
    18  1.0808054115e-02   4
    19  3.2701721178e-03   4
    20  2.9614054920e-05   4
    21  1.0461042049e-05   4
    22  9.4983396481e-08   4
    23  3.3570846547e-08   4
    24  3.0481639435e-10   4
    25  1.0959942268e-02   5
    26  3.3470340274e-03   5
    27  3.0680182395e-05   5
    28  1.0956079615e-05   5
    29  1.0069835743e-07   5
    30  3.5980353807e-08   5
    31  3.3070168826e-10   5
    32  1.1010833365e-02   6
    33  3.3729349449e-03   6
    34  3.1042291112e-05   6
    35  1.1125459270e-05   6
    36  1.0266943784e-07   6
    37  3.6817472848e-08   6
    38  3.3976710334e-10   6
    39  1.1027994083e-02   7
    40  3.3816855141e-03   7
    41  3.1164951061e-05   7
    42  1.1182975642e-05   7
    43  1.0334054723e-07   7
    44  3.7103189632e-08   7
    45  3.4286906647e-10   7
    46  1.1033793099e-02   8
    47  3.3846444368e-03   8
    48  3.1206464126e-05   8
    49  1.1202457605e-05   8
    50  1.0356806968e-07   8
    51  3.7200134528e-08   8
    52  3.4392311221e-10   8
    53  1.1035754131e-02   9
    54  3.3856452613e-03   9
    55  3.1220509688e-05   9
    56  1.1209050989e-05   9
    57  1.0364509495e-07   9
    58  3.7232962935e-08   9
    59  3.4427949380e-10   9
# 
